AZA
0.112
0.046
0.392
0.976
0.356
0.962
0.228
0.078
0.406
0.914
0.932
0.87
0.222
0.736
0.842
0.054
0.298
0.982
0.176
0.048
0.39
0.074
0.038
0.634
0.78
0.958
0.502
0.232
0.38
0.034
0.078
0.788
0.774
0.174
0.77
0.22
0.79
0.922
0.764
0.942
0.658
0.816
0.672
0.878
0.37
0.976
0.146
0.8
0.154
0.416
0.99
0.282
0.498
0.772
0.946
0.124
0.944
0.296
0.684
0.076
0.968
0.162
0.654
0.39
0.78
0.418
0.238
0.704
0.342
0.698
0.938
0.188
0.96
0.828
0.728
0.148
0.926
0.432
0.942
0.12
0.308
0.876
0.408
0.982
0.588
0.806
0.788
0.712
0.756
0.924
0.46
0.126
0.392
0.124
0.822
0.194
0.578
0.316
0.716
0.438
0.11
0.488
0.578
0.78
0.146
0.68
0.746
0.632
0.966
0.868
0.858
0.536
0.62
0.162
0.088
0.21
0.79
0.134
0.77
0.088
0.164
0.69
0.954
0.356
0.608
0.892
0.176
0.08
0.926
0.486
0.93
0.418
0.276
0.892
0.018
0.892
0.678
0.828
0.608
0.144
0.272
0.842
0.97
0.294
0.118
0.886
0.438
0.046
0.068
0.236
0.786
0.064
0.928
0.11
0.202
0.502
0.978
0.872
0.428
0.632
0.872
0.992
0.546
0.158
0.062
0.204
0.382
0.996
0.07
0.406
0.942
0.696
0.4
0.392
0.32
0.876
0.738
0.134
0.856
0.048
0.722
0.184
0.87
0.494
0.19
0.452
0.408
0.126
0.186
0.116
0.816
0.956
0.068
0.292
0.218
0.904
0.064
0.938
0.366
0.096
0.118
0.906
0.966
0.646
0.208
0.05
0.688
0.862
0.856
0.308
0.094
0.132
0.17
0.054
0.018
0.114
0.97
0.982
0.016
0.08
0.878
0.908
0.304
0.068
0.444
0.278
0.026
0.14
0.314
0.836
0.286
0.08
0.806
0.55
0.722
0.884
0.212
0.492
0.528
0.964
0.482
0.278
0.976
0.342
0.06
0.858
0.92
0.238
0.296
0.664
0.678
0.436
0.15
0.336
0.11
0.836
0.362
0.122
0.9
0.948
0.91
0.98
0.968
0.114
0.908
0.804
0.146
0.18
0.948
0.044
0.616
0.594
0.03
0.312
0.084
0.204
0.846
0.34
0.504
0.968
0.55
0.166
0.514
0.856
0.952
0.256
0.126
0.818
0.848
0.146
0.092
0.164
0.71
0.786
0.912
0.92
0.086
0.548
0.906
0.494
0.086
0.218
0.844
0.86
0.622
0.982
0.34
0.712
0.814
0.074
0.606
0.89
0.264
0.574
0.982
0.172
0.274
0.028
0.968
0.586
0.05
0.062
0.498
0.942
0.084
0.092
0.104
0.33
0.764
0.142
0.994
0.952
0.994
0.87
0.044
0.852
0.044
0.06
0.482
0.892
0.158
0.032
0.99
0.172
0.508
0.148
0.068
0.532
0.846
0.684
0.22
0.99
0.252
0.042
0.042
0.04
0.974
0.256
0.838
0.026
0.166
0.12
0.834
0.406
0.716
0.58
0.14
0.254
0.896
0.956
0.148
0.12
0.478
0.178
0.702
0.948
0.908
0.874
0.142
0.986
0.066
0.668
0.882
0.904
0.626
0.812
0.208
0.84
0.192
0.274
0.876
0.226
0.906
0.63
0.904
0.742
0.964
0.38
0.086
0.336
0.822
0.504
0.22
0.82
0.972
0.148
0.244
0.992
0.822
0.208
0.122
0.936
0.928
0.126
0.3
0.75
0.716
0.234
0.92
0.848
0.598
0.264
0.818
0.352
0.538
0.766
0.164
0.376
0.352
0.458
0.218
0.762
0.3
0.086
0.822
0.648
0.508
0.862
0.106
0.068
0.924
0.236
0.912
0.012
0.03
0.776
0.878
0.914
0.602
0.418
0.748
0.732
0.918
0.68
0.148
0.128
0.638
0.138
0.862
0.306
0.342
0.092
0.086
0.248
0.814
0.094
0.6
0.974
0.794
0.084
0.632
0.592
0.336
0.26
0.78
0.908
0.468
0.568
0.272
0.976
0.278
0.97
0.638
0.99
0.208
0.708
0.902
0.178
0.298
0.77
0.072
0.528
0.972
0.73
0.736
0.924
0.882
0.926
0.864
0.296
0.474
0.668
0.094
0.094
0.888
0.378
0.8
0.788
0.93
0.882
0.084
0.208
0.502
0.484
0.138
0.064
0.386
0.1
0.548
0.916
0.88
0.854
0.744
0.564
0.816
0.136
0.86
0.292
0.792
0.106
0.716
0.946
0.776
0.682
0.524
0.646
0.948
0.992
0.244
0.678
0.064
0.21
0.188
0.226
0.042
0.846
0.076
0.77
0.49
0.074
0.494
0.238
0.804
0.202
0.502
0.248
0.446
0.928
0.088
0.848
0.786
0.19
0.66
0.802
0.616
0.254
0.91
0.202
0.468
0.582
0.672
0.826
0.07
0.118
0.464
0.156
0.89
0.636
0.666
0.07
0.35
0.766
0.176
0.102
0.702
0.786
0.782
0.328
0.46
0.032
0.154
0.96
0.206
0.2
0.532
0.932
0.364
0.914
0.914
0.026
